0000000000000000000000000000000000000000000000000000000000000000000000000000000000000000000000000000
0000000000000000000000000000000000000010000000000000000000000000000000000000000000000000000000000000
0000000000000000000000000000000000001010000000000000000000000000000000000000000000000000000000000000
0000000000000000000000000011000000110000000000001100000000000000000000000000000000000000000000000000
0000000000000000000000000100010000110000000000001100000000000000000000000000000000000000000000000000
0000000000000011000000001000001000110000000000000000000000000000000000000000000000000000000000000000
0000000000000011000000001000101100001010000000000000000000000000000000000000000000000000000000000000
0000000000000000000000001000001000000010000000000000000000000000000000000000000000000000000000000000
0000000000000000000000000100010000000000000000000000000000000000000000000000000000000000000000000000
0000000000000000000000000011000000000000000000000000000000000000000000000000000000000000000000000000
0000000000000000000000000000000000000000000000000000000000000000000000000000000000000000000000000000
0000000000000000000000000000000000000000000000000000000000000000000000000000000000000000000000000000
0000000000000000000000000000000000000000000000000000000000000000000000000000000000000000000000000000
0000000000000000000000000000000000000000000000000000000000000000000000000000000000000000000000000000
0000000000000000000000000000000000000000000000000000000000000000000000000000000000000000000000000000
0000000000000000000000000000000000000000000000000000000000000000000000000000000000000000000000000000
0000000000000000000000000000000000000000000000000000000000000000000000000000000000000000000000000000
0000000000000000000000000000000000000000000000000000000000000000000000000000000000000000000000000000
0000000000000000000000000000000000000000000000000000000000000000000000000000000000000000000000000000
0000000000000000000000000000000000000000000000000000000000000000000000000000000000000000000000000000
0000000000000000000000000000000000000000000000000000000000000000000000000000000000000000000000000000
0000000000000000000000000000000000000000000000000000000000000000000000000000000000000000000000000000
0000000000000000000000000000000000000000000000000000000000000000000000000000000000000000000000000000
0000000000000000000000000000000000000000000000000000000000000000000000000000000000000000000000000000
0000000000000000000000000000000000000000000000000000000000000011000000000000000000000000000000000000
0000000000000000000000000000000000000000000000000000000000001000100000000000000000000000000000000000
0000000000000000000000000000000000000000000000000001000000010000010000000000000000000000000000000000
0000000000000000000000000000000000000000000000000001010000110100010000000011000000000000000000000000
0000000000000000000000000000000000000000000000000000001100010000010000000011000000000000000000000000
0000000000000000000000000000000000000000110000000000001100001000100000000000000000000000000000000000
0000000000000000000000000000000000000000110000000000001100000011000000000000000000000000000000000000
0000000000000000000000000000000000000000000000000001010000000000000000000000000000000000000000000000
0000000000000000000000000000000000000000000000000001000000000000000000000000000000000000000000000000
0000000000000000000000000000000000000000000000000000000000000000000000000000000000000000000000000000